 20210414000000
    60.40      5.32
                                       Bergen                            Station name
                                           40.     F     F      1
 -888888.000 -888888.000 -888888.000 -888888.000       0.000       0.000     280.650       0.000 -888888.000 -888888.000 -888888.000 -888888.000 -888888.000 -888888.000 -888888.000       0.000 -888888.000 -888888.000
 20210414010000
    60.40      5.32
                                       Bergen                            Station name
                                           40.     F     F      1
 -888888.000 -888888.000 -888888.000 -888888.000       0.000       0.000     281.150       0.000 -888888.000 -888888.000 -888888.000 -888888.000 -888888.000 -888888.000 -888888.000       0.000 -888888.000 -888888.000
 20210414020000
    60.40      5.32
                                       Bergen                            Station name
                                           40.     F     F      1
 -888888.000 -888888.000 -888888.000 -888888.000       0.000       0.000     282.250       0.000 -888888.000 -888888.000 -888888.000 -888888.000 -888888.000 -888888.000 -888888.000       0.000 -888888.000 -888888.000
 20210414030000
    60.40      5.32
                                       Bergen                            Station name
                                           40.     F     F      1
 -888888.000 -888888.000 -888888.000 -888888.000       0.000       0.000     282.650       0.000 -888888.000 -888888.000 -888888.000 -888888.000 -888888.000 -888888.000 -888888.000       0.000 -888888.000 -888888.000
 20210414040000
    60.40      5.32
                                       Bergen                            Station name
                                           40.     F     F      1
 -888888.000 -888888.000 -888888.000 -888888.000       0.000       0.000     282.550       0.000 -888888.000 -888888.000 -888888.000 -888888.000 -888888.000 -888888.000 -888888.000       0.000 -888888.000 -888888.000
 20210414050000
    60.40      5.32
                                       Bergen                            Station name
                                           40.     F     F      1
 -888888.000 -888888.000 -888888.000 -888888.000       0.000       0.000     282.550       0.000 -888888.000 -888888.000 -888888.000 -888888.000 -888888.000 -888888.000 -888888.000       0.000 -888888.000 -888888.000
 20210414060000
    60.40      5.32
                                       Bergen                            Station name
                                           40.     F     F      1
 -888888.000 -888888.000 -888888.000 -888888.000       0.000       0.000     282.650       0.000 -888888.000 -888888.000 -888888.000 -888888.000 -888888.000 -888888.000 -888888.000       0.000 -888888.000 -888888.000
 20210414070000
    60.40      5.32
                                       Bergen                            Station name
                                           40.     F     F      1
 -888888.000 -888888.000 -888888.000 -888888.000       0.000       0.000     282.650       0.000 -888888.000 -888888.000 -888888.000 -888888.000 -888888.000 -888888.000 -888888.000       0.000 -888888.000 -888888.000
 20210414080000
    60.40      5.32
                                       Bergen                            Station name
                                           40.     F     F      1
 -888888.000 -888888.000 -888888.000 -888888.000       0.000       0.000     282.250       0.000 -888888.000 -888888.000 -888888.000 -888888.000 -888888.000 -888888.000 -888888.000       0.000 -888888.000 -888888.000
 20210414090000
    60.40      5.32
                                       Bergen                            Station name
                                           40.     F     F      1
 -888888.000 -888888.000 -888888.000 -888888.000       0.000       0.000     283.450       0.000 -888888.000 -888888.000 -888888.000 -888888.000 -888888.000 -888888.000 -888888.000       0.000 -888888.000 -888888.000
 20210414100000
    60.40      5.32
                                       Bergen                            Station name
                                           40.     F     F      1
 -888888.000 -888888.000 -888888.000 -888888.000       0.000       0.000     283.850       0.000 -888888.000 -888888.000 -888888.000 -888888.000 -888888.000 -888888.000 -888888.000       0.000 -888888.000 -888888.000
 20210414110000
    60.40      5.32
                                       Bergen                            Station name
                                           40.     F     F      1
 -888888.000 -888888.000 -888888.000 -888888.000       0.000       0.000     283.950       0.000 -888888.000 -888888.000 -888888.000 -888888.000 -888888.000 -888888.000 -888888.000       0.000 -888888.000 -888888.000
 20210414120000
    60.40      5.32
                                       Bergen                            Station name
                                           40.     F     F      1
 -888888.000 -888888.000 -888888.000 -888888.000       0.000       0.000     284.550       0.000 -888888.000 -888888.000 -888888.000 -888888.000 -888888.000 -888888.000 -888888.000       0.000 -888888.000 -888888.000
 20210414130000
    60.40      5.32
                                       Bergen                            Station name
                                           40.     F     F      1
 -888888.000 -888888.000 -888888.000 -888888.000       0.000       0.000     284.950       0.000 -888888.000 -888888.000 -888888.000 -888888.000 -888888.000 -888888.000 -888888.000       0.000 -888888.000 -888888.000
 20210414140000
    60.40      5.32
                                       Bergen                            Station name
                                           40.     F     F      1
 -888888.000 -888888.000 -888888.000 -888888.000       0.000       0.000     284.350       0.000 -888888.000 -888888.000 -888888.000 -888888.000 -888888.000 -888888.000 -888888.000       0.000 -888888.000 -888888.000
 20210414150000
    60.40      5.32
                                       Bergen                            Station name
                                           40.     F     F      1
 -888888.000 -888888.000 -888888.000 -888888.000       0.000       0.000     284.350       0.000 -888888.000 -888888.000 -888888.000 -888888.000 -888888.000 -888888.000 -888888.000       0.000 -888888.000 -888888.000
 20210414160000
    60.40      5.32
                                       Bergen                            Station name
                                           40.     F     F      1
 -888888.000 -888888.000 -888888.000 -888888.000       0.000       0.000     285.250       0.000 -888888.000 -888888.000 -888888.000 -888888.000 -888888.000 -888888.000 -888888.000       0.000 -888888.000 -888888.000
 20210414170000
    60.40      5.32
                                       Bergen                            Station name
                                           40.     F     F      1
 -888888.000 -888888.000 -888888.000 -888888.000       0.000       0.000     285.550       0.000 -888888.000 -888888.000 -888888.000 -888888.000 -888888.000 -888888.000 -888888.000       0.000 -888888.000 -888888.000
 20210414180000
    60.40      5.32
                                       Bergen                            Station name
                                           40.     F     F      1
 -888888.000 -888888.000 -888888.000 -888888.000       0.000       0.000     285.550       0.000 -888888.000 -888888.000 -888888.000 -888888.000 -888888.000 -888888.000 -888888.000       0.000 -888888.000 -888888.000
 20210414190000
    60.40      5.32
                                       Bergen                            Station name
                                           40.     F     F      1
 -888888.000 -888888.000 -888888.000 -888888.000       0.000       0.000     285.350       0.000 -888888.000 -888888.000 -888888.000 -888888.000 -888888.000 -888888.000 -888888.000       0.000 -888888.000 -888888.000
 20210414200000
    60.40      5.32
                                       Bergen                            Station name
                                           40.     F     F      1
 -888888.000 -888888.000 -888888.000 -888888.000       0.000       0.000     284.650       0.000 -888888.000 -888888.000 -888888.000 -888888.000 -888888.000 -888888.000 -888888.000       0.000 -888888.000 -888888.000
 20210414210000
    60.40      5.32
                                       Bergen                            Station name
                                           40.     F     F      1
 -888888.000 -888888.000 -888888.000 -888888.000       0.000       0.000     284.050       0.000 -888888.000 -888888.000 -888888.000 -888888.000 -888888.000 -888888.000 -888888.000       0.000 -888888.000 -888888.000
 20210414220000
    60.40      5.32
                                       Bergen                            Station name
                                           40.     F     F      1
 -888888.000 -888888.000 -888888.000 -888888.000       0.000       0.000     283.350       0.000 -888888.000 -888888.000 -888888.000 -888888.000 -888888.000 -888888.000 -888888.000       0.000 -888888.000 -888888.000
 20210414230000
    60.40      5.32
                                       Bergen                            Station name
                                           40.     F     F      1
 -888888.000 -888888.000 -888888.000 -888888.000       0.000       0.000     282.550       0.000 -888888.000 -888888.000 -888888.000 -888888.000 -888888.000 -888888.000 -888888.000       0.000 -888888.000 -888888.000
 20210415000000
    60.40      5.32
                                       Bergen                            Station name
                                           40.     F     F      1
 -888888.000 -888888.000 -888888.000 -888888.000       0.000       0.000     282.450       0.000 -888888.000 -888888.000 -888888.000 -888888.000 -888888.000 -888888.000 -888888.000       0.000 -888888.000 -888888.000
 20210415010000
    60.40      5.32
                                       Bergen                            Station name
                                           40.     F     F      1
 -888888.000 -888888.000 -888888.000 -888888.000       0.000       0.000     282.150       0.000 -888888.000 -888888.000 -888888.000 -888888.000 -888888.000 -888888.000 -888888.000       0.000 -888888.000 -888888.000
 20210415020000
    60.40      5.32
                                       Bergen                            Station name
                                           40.     F     F      1
 -888888.000 -888888.000 -888888.000 -888888.000       0.000       0.000     282.050       0.000 -888888.000 -888888.000 -888888.000 -888888.000 -888888.000 -888888.000 -888888.000       0.000 -888888.000 -888888.000
 20210415030000
    60.40      5.32
                                       Bergen                            Station name
                                           40.     F     F      1
 -888888.000 -888888.000 -888888.000 -888888.000       0.000       0.000     281.450       0.000 -888888.000 -888888.000 -888888.000 -888888.000 -888888.000 -888888.000 -888888.000       0.000 -888888.000 -888888.000
 20210415040000
    60.40      5.32
                                       Bergen                            Station name
                                           40.     F     F      1
 -888888.000 -888888.000 -888888.000 -888888.000       0.000       0.000     281.250       0.000 -888888.000 -888888.000 -888888.000 -888888.000 -888888.000 -888888.000 -888888.000       0.000 -888888.000 -888888.000
 20210415050000
    60.40      5.32
                                       Bergen                            Station name
                                           40.     F     F      1
 -888888.000 -888888.000 -888888.000 -888888.000       0.000       0.000     281.450       0.000 -888888.000 -888888.000 -888888.000 -888888.000 -888888.000 -888888.000 -888888.000       0.000 -888888.000 -888888.000
 20210415060000
    60.40      5.32
                                       Bergen                            Station name
                                           40.     F     F      1
 -888888.000 -888888.000 -888888.000 -888888.000       0.000       0.000     281.150       0.000 -888888.000 -888888.000 -888888.000 -888888.000 -888888.000 -888888.000 -888888.000       0.000 -888888.000 -888888.000
 20210415070000
    60.40      5.32
                                       Bergen                            Station name
                                           40.     F     F      1
 -888888.000 -888888.000 -888888.000 -888888.000       0.000       0.000     282.050       0.000 -888888.000 -888888.000 -888888.000 -888888.000 -888888.000 -888888.000 -888888.000       0.000 -888888.000 -888888.000
 20210415080000
    60.40      5.32
                                       Bergen                            Station name
                                           40.     F     F      1
 -888888.000 -888888.000 -888888.000 -888888.000       0.000       0.000     282.650       0.000 -888888.000 -888888.000 -888888.000 -888888.000 -888888.000 -888888.000 -888888.000       0.000 -888888.000 -888888.000
 20210415090000
    60.40      5.32
                                       Bergen                            Station name
                                           40.     F     F      1
 -888888.000 -888888.000 -888888.000 -888888.000       0.000       0.000     283.250       0.000 -888888.000 -888888.000 -888888.000 -888888.000 -888888.000 -888888.000 -888888.000       0.000 -888888.000 -888888.000
 20210415100000
    60.40      5.32
                                       Bergen                            Station name
                                           40.     F     F      1
 -888888.000 -888888.000 -888888.000 -888888.000       0.000       0.000     283.250       0.000 -888888.000 -888888.000 -888888.000 -888888.000 -888888.000 -888888.000 -888888.000       0.000 -888888.000 -888888.000
 20210415110000
    60.40      5.32
                                       Bergen                            Station name
                                           40.     F     F      1
 -888888.000 -888888.000 -888888.000 -888888.000       0.000       0.000     283.350       0.000 -888888.000 -888888.000 -888888.000 -888888.000 -888888.000 -888888.000 -888888.000       0.000 -888888.000 -888888.000
 20210415120000
    60.40      5.32
                                       Bergen                            Station name
                                           40.     F     F      1
 -888888.000 -888888.000 -888888.000 -888888.000       0.000       0.000     283.650       0.000 -888888.000 -888888.000 -888888.000 -888888.000 -888888.000 -888888.000 -888888.000       0.000 -888888.000 -888888.000
 20210415130000
    60.40      5.32
                                       Bergen                            Station name
                                           40.     F     F      1
 -888888.000 -888888.000 -888888.000 -888888.000       0.000       0.000     283.850       0.000 -888888.000 -888888.000 -888888.000 -888888.000 -888888.000 -888888.000 -888888.000       0.000 -888888.000 -888888.000
 20210415140000
    60.40      5.32
                                       Bergen                            Station name
                                           40.     F     F      1
 -888888.000 -888888.000 -888888.000 -888888.000       0.000       0.000     284.250       0.000 -888888.000 -888888.000 -888888.000 -888888.000 -888888.000 -888888.000 -888888.000       0.000 -888888.000 -888888.000
 20210415150000
    60.40      5.32
                                       Bergen                            Station name
                                           40.     F     F      1
 -888888.000 -888888.000 -888888.000 -888888.000       0.000       0.000     284.950       0.000 -888888.000 -888888.000 -888888.000 -888888.000 -888888.000 -888888.000 -888888.000       0.000 -888888.000 -888888.000
 20210415160000
    60.40      5.32
                                       Bergen                            Station name
                                           40.     F     F      1
 -888888.000 -888888.000 -888888.000 -888888.000       0.000       0.000     285.750       0.000 -888888.000 -888888.000 -888888.000 -888888.000 -888888.000 -888888.000 -888888.000       0.000 -888888.000 -888888.000
 20210415170000
    60.40      5.32
                                       Bergen                            Station name
                                           40.     F     F      1
 -888888.000 -888888.000 -888888.000 -888888.000       0.000       0.000     285.850       0.000 -888888.000 -888888.000 -888888.000 -888888.000 -888888.000 -888888.000 -888888.000       0.000 -888888.000 -888888.000
 20210415180000
    60.40      5.32
                                       Bergen                            Station name
                                           40.     F     F      1
 -888888.000 -888888.000 -888888.000 -888888.000       0.000       0.000     286.150       0.000 -888888.000 -888888.000 -888888.000 -888888.000 -888888.000 -888888.000 -888888.000       0.000 -888888.000 -888888.000
 20210415190000
    60.40      5.32
                                       Bergen                            Station name
                                           40.     F     F      1
 -888888.000 -888888.000 -888888.000 -888888.000       0.000       0.000     287.050       0.000 -888888.000 -888888.000 -888888.000 -888888.000 -888888.000 -888888.000 -888888.000       0.000 -888888.000 -888888.000
 20210415200000
    60.40      5.32
                                       Bergen                            Station name
                                           40.     F     F      1
 -888888.000 -888888.000 -888888.000 -888888.000       0.000       0.000     286.250       0.000 -888888.000 -888888.000 -888888.000 -888888.000 -888888.000 -888888.000 -888888.000       0.000 -888888.000 -888888.000
 20210415210000
    60.40      5.32
                                       Bergen                            Station name
                                           40.     F     F      1
 -888888.000 -888888.000 -888888.000 -888888.000       0.000       0.000     285.750       0.000 -888888.000 -888888.000 -888888.000 -888888.000 -888888.000 -888888.000 -888888.000       0.000 -888888.000 -888888.000
 20210415220000
    60.40      5.32
                                       Bergen                            Station name
                                           40.     F     F      1
 -888888.000 -888888.000 -888888.000 -888888.000       0.000       0.000     285.450       0.000 -888888.000 -888888.000 -888888.000 -888888.000 -888888.000 -888888.000 -888888.000       0.000 -888888.000 -888888.000
 20210415230000
    60.40      5.32
                                       Bergen                            Station name
                                           40.     F     F      1
 -888888.000 -888888.000 -888888.000 -888888.000       0.000       0.000     285.050       0.000 -888888.000 -888888.000 -888888.000 -888888.000 -888888.000 -888888.000 -888888.000       0.000 -888888.000 -888888.000
 20210416000000
    60.40      5.32
                                       Bergen                            Station name
                                           40.     F     F      1
 -888888.000 -888888.000 -888888.000 -888888.000       0.000       0.000     283.350       0.000 -888888.000 -888888.000 -888888.000 -888888.000 -888888.000 -888888.000 -888888.000       0.000 -888888.000 -888888.000
 20210416010000
    60.40      5.32
                                       Bergen                            Station name
                                           40.     F     F      1
 -888888.000 -888888.000 -888888.000 -888888.000       0.000       0.000     282.350       0.000 -888888.000 -888888.000 -888888.000 -888888.000 -888888.000 -888888.000 -888888.000       0.000 -888888.000 -888888.000
